54.51997196916608 54.51997196916608 54.51997196916608 54.51997196916608 54.51997196916608 54.51997196916608 54.51997196916608 54.51997196916608 54.51997196916608 54.51997196916608 55.641205325858444 56.20182200420463 56.131744919411354 54.66012613875263 54.379817799579534 54.239663629993 52.48773651016118 51.08619481429572 50.175192711983186 49.614576033637 49.264190609670635 
54.51997196916608 54.51997196916608 54.51997196916608 54.51997196916608 54.51997196916608 54.51997196916608 54.51997196916608 54.51997196916608 54.51997196916608 55.57112824106517 56.2718990889979 56.06166783461808 54.73020322354591 54.44989488437281 54.099509460406445 52.277505255781364 50.805886475122634 50.175192711983186 49.54449894884373 49.33426769446391 50.035038542396634 
54.51997196916608 54.51997196916608 54.51997196916608 54.51997196916608 54.51997196916608 54.51997196916608 54.51997196916608 54.51997196916608 55.57112824106517 56.20182200420463 55.9915907498248 54.73020322354591 54.51997196916608 53.9593552908199 52.48773651016118 50.59565522074282 50.315346881569724 49.82480728801682 49.68465311843027 49.40434477925718 49.754730203223545 
54.51997196916608 54.51997196916608 54.51997196916608 54.51997196916608 54.51997196916608 54.51997196916608 54.51997196916608 55.43097407147862 56.06166783461808 56.131744919411354 54.590049053959355 54.239663629993 53.60896986685354 52.48773651016118 51.29642606867554 50.24526979677646 49.614576033637 50.175192711983186 50.175192711983186 49.12403644008409 50.8759635599159 
54.51997196916608 54.51997196916608 54.51997196916608 54.51997196916608 54.51997196916608 54.51997196916608 54.87035739313244 56.341976173791174 56.131744919411354 54.87035739313244 54.30974071478627 53.67904695164681 52.20742817098809 51.50665732305536 50.59565522074282 50.8759635599159 50.035038542396634 50.385423966363 51.08619481429572 52.97827610371408 53.538892782060266 
54.51997196916608 54.51997196916608 54.51997196916608 54.51997196916608 54.51997196916608 54.51997196916608 55.71128241065172 56.48213034337771 55.36089698668535 53.889278206026624 53.328661527680445 52.97827610371408 51.85704274702172 51.50665732305536 51.226348983882275 51.156271899089 51.57673440784863 53.67904695164681 53.9593552908199 52.768044849334274 52.97827610371408 
54.51997196916608 54.51997196916608 54.51997196916608 54.51997196916608 54.51997196916608 56.622284512964264 56.48213034337771 55.43097407147862 54.30974071478627 53.81920112123336 53.538892782060266 52.13735108619482 52.838121934127535 51.64681149264191 51.92711983181499 53.538892782060266 53.9593552908199 52.768044849334274 53.18850735809391 52.347582340574625 51.64681149264191 
54.51997196916608 54.51997196916608 54.51997196916608 54.51997196916608 54.590049053959355 55.851436580238264 55.9915907498248 55.57112824106517 54.800280308339175 54.590049053959355 53.46881569726699 52.4176594253679 52.97827610371408 53.60896986685354 54.379817799579534 53.328661527680445 53.11843027330063 52.48773651016118 52.697967764541 51.92711983181499 51.36650315346881 
54.51997196916608 54.51997196916608 54.51997196916608 54.51997196916608 54.51997196916608 56.2718990889979 55.9915907498248 56.412053258584436 56.341976173791174 55.71128241065172 54.099509460406445 53.81920112123336 54.099509460406445 52.697967764541 53.398738612473714 53.258584442887184 52.277505255781364 52.277505255781364 52.55781359495445 52.55781359495445 52.55781359495445 
54.51997196916608 54.51997196916608 54.51997196916608 54.51997196916608 54.51997196916608 54.51997196916608 54.51997196916608 54.66012613875263 54.590049053959355 54.66012613875263 55.641205325858444 54.73020322354591 54.30974071478627 55.15066573230554 53.9593552908199 53.46881569726699 53.60896986685354 53.538892782060266 53.538892782060266 53.538892782060266 53.538892782060266 
54.51997196916608 54.51997196916608 54.51997196916608 54.51997196916608 54.51997196916608 54.51997196916608 54.51997196916608 54.51997196916608 54.51997196916608 54.51997196916608 54.44989488437281 54.379817799579534 54.51997196916608 54.51997196916608 54.51997196916608 54.51997196916608 54.51997196916608 54.51997196916608 54.51997196916608 54.51997196916608 54.51997196916608 
54.51997196916608 54.51997196916608 54.51997196916608 54.51997196916608 54.51997196916608 54.51997196916608 54.51997196916608 54.51997196916608 54.51997196916608 54.51997196916608 54.51997196916608 54.51997196916608 54.51997196916608 54.51997196916608 54.51997196916608 54.51997196916608 54.51997196916608 54.51997196916608 54.51997196916608 54.51997196916608 54.51997196916608 
54.51997196916608 54.51997196916608 54.51997196916608 54.51997196916608 54.51997196916608 54.51997196916608 54.51997196916608 54.51997196916608 54.51997196916608 54.51997196916608 54.51997196916608 54.51997196916608 54.51997196916608 54.51997196916608 54.51997196916608 54.51997196916608 54.51997196916608 54.51997196916608 54.51997196916608 54.51997196916608 54.51997196916608 
54.51997196916608 54.51997196916608 54.51997196916608 54.51997196916608 54.51997196916608 54.51997196916608 54.51997196916608 54.51997196916608 54.51997196916608 54.51997196916608 54.51997196916608 54.51997196916608 54.51997196916608 54.51997196916608 54.51997196916608 54.51997196916608 54.51997196916608 54.51997196916608 54.51997196916608 54.51997196916608 54.51997196916608 
54.51997196916608 54.51997196916608 54.51997196916608 54.51997196916608 54.51997196916608 54.51997196916608 54.51997196916608 54.51997196916608 54.51997196916608 54.51997196916608 54.51997196916608 54.51997196916608 54.51997196916608 54.51997196916608 54.51997196916608 54.51997196916608 54.51997196916608 54.51997196916608 54.51997196916608 54.51997196916608 54.51997196916608 
54.51997196916608 54.51997196916608 54.51997196916608 54.51997196916608 54.51997196916608 54.51997196916608 54.51997196916608 54.51997196916608 54.51997196916608 54.51997196916608 54.51997196916608 54.51997196916608 54.51997196916608 54.51997196916608 54.51997196916608 54.51997196916608 54.51997196916608 54.51997196916608 54.51997196916608 54.51997196916608 54.51997196916608 
54.51997196916608 54.51997196916608 54.51997196916608 54.51997196916608 54.51997196916608 54.51997196916608 54.51997196916608 54.51997196916608 54.51997196916608 54.51997196916608 54.51997196916608 54.51997196916608 54.51997196916608 54.51997196916608 54.51997196916608 54.51997196916608 54.51997196916608 54.51997196916608 54.51997196916608 54.51997196916608 54.51997196916608 
54.51997196916608 54.51997196916608 54.51997196916608 54.51997196916608 54.51997196916608 54.51997196916608 54.51997196916608 54.51997196916608 54.51997196916608 54.51997196916608 54.51997196916608 54.51997196916608 54.51997196916608 54.51997196916608 54.51997196916608 54.51997196916608 54.51997196916608 54.51997196916608 54.51997196916608 54.51997196916608 54.51997196916608 
54.51997196916608 54.51997196916608 54.51997196916608 54.51997196916608 54.51997196916608 54.51997196916608 54.51997196916608 54.51997196916608 54.51997196916608 54.51997196916608 54.51997196916608 54.51997196916608 54.51997196916608 54.51997196916608 54.51997196916608 54.51997196916608 54.51997196916608 54.51997196916608 54.51997196916608 54.51997196916608 54.51997196916608 
54.51997196916608 54.51997196916608 54.51997196916608 54.51997196916608 54.51997196916608 54.51997196916608 54.51997196916608 54.51997196916608 54.51997196916608 54.51997196916608 54.51997196916608 54.51997196916608 54.51997196916608 54.51997196916608 54.51997196916608 54.51997196916608 54.51997196916608 54.51997196916608 54.51997196916608 54.51997196916608 54.51997196916608 
54.51997196916608 54.51997196916608 54.51997196916608 54.51997196916608 54.51997196916608 54.51997196916608 54.51997196916608 54.51997196916608 54.51997196916608 54.51997196916608 54.51997196916608 54.51997196916608 54.51997196916608 54.51997196916608 54.51997196916608 54.51997196916608 54.51997196916608 54.51997196916608 54.51997196916608 54.51997196916608 54.51997196916608 

base2 ,-10 ~ 10, Late Game val, 